        0 804.2802 
        1 783.6106 
        2 811.7724 
        3 796.1579 
        4 782.2710 
        5 792.6820 
        6 805.6643 
        7 803.3203 
        8 844.7564 
        9 837.3363 
       10 907.4741 
       11 814.6252 
       12 1043.2430 
       13 832.2233 
       14 978.6071 
       15 835.9851 
       16 875.1786 
       17 864.3712 
       18 830.6647 
       19 835.5264 
       20 855.8127 
       21 802.6396 
       22 844.9774 
       23 893.3016 
       24 826.3292 
       25 854.5768 
       26 849.6097 
       27 1014.6956 
       28 873.3504 
       29 844.0496 
       30 853.5275 
       31 847.2639 
       32 971.6390 
       33 931.4126 
       34 938.3780 
       35 937.2259 
       36 903.9026 
       37 931.2828 
       38 921.8220 
       39 914.7621 
       40 885.9576 
       41 918.6152 
       42 883.7677 
       43 942.9112 
       44 940.9731 
       45 950.0514 
       46 1118.1675 
       47 966.6187 
       48 992.2901 
       49 1051.8013 
