        0 1052.6562 
        2 1031.9057 
        4 1034.5278 
        6 1048.9781 
        8 1058.3290 
       10 1284.3552 
       12 1047.2422 
       14 1054.0159 
       16 1029.0409 
       18 1065.7226 
       20 1091.8917 
       22 1035.1753 
       24 1487.0248 
       26 1058.2182 
       28 1059.8469 
       30 1094.6390 
       32 1030.6235 
       34 1067.4223 
       36 1167.1814 
       38 1045.8598 
       40 1041.2417 
       42 1059.1214 
       44 1075.5033 
       46 1066.7367 
       48 1043.8096 
       50 1097.5168 
       52 1078.7211 
       54 1061.9175 
       56 1152.0102 
       58 1227.6751 
       60 1070.4339 
       62 1096.9021 
       64 1137.8029 
       66 1036.2863 
       68 1263.4762 
       70 1041.1006 
       72 1182.7147 
       74 1021.9935 
       76 1030.2568 
       78 1076.0480 
       80 1000.1229 
       82 1045.5119 
       84 1033.3679 
       86 1041.2094 
       88 1091.1614 
       90 1070.9624 
       92 1093.2889 
       94 1079.9343 
       96 1109.3217 
       98 1166.4383 
