        0 1663.7772 
        2 1581.0136 
        4 1572.4845 
        6 1611.5459 
        8 1639.8986 
       10 1787.8043 
       12 1629.1950 
       14 1648.8646 
       16 1597.5467 
       18 1602.5435 
       20 1771.3238 
       22 1650.7579 
       24 1703.6781 
       26 1618.9233 
       28 1657.4387 
       30 1685.0442 
       32 1659.1542 
       34 1635.2782 
       36 1758.3751 
       38 1671.2108 
       40 1643.8828 
       42 1639.4605 
       44 1769.3440 
       46 1640.1298 
       48 1822.0374 
       50 1626.7837 
       52 1680.9626 
       54 1612.3729 
       56 1682.0515 
       58 1706.1203 
       60 1654.8961 
       62 1716.0379 
       64 1767.8306 
       66 2323.7790 
       68 1919.9550 
       70 1838.7774 
       72 1910.7218 
       74 1699.3475 
       76 1718.6559 
       78 1731.6993 
       80 1798.2522 
       82 1668.1207 
       84 1508.4883 
       86 1549.2313 
       88 1442.5732 
       90 1510.0136 
       92 1794.7635 
       94 1505.4929 
       96 1556.3938 
       98 1604.7200 
