        0 1575.7713 
        1 1583.9290 
        2 1603.5346 
        3 1598.4508 
        4 1379.6859 
        5 1534.8321 
        6 1657.3248 
        7 1538.5798 
        8 1439.4122 
        9 1324.7401 
       10 1330.1569 
       11 1394.1113 
       12 1361.1392 
       13 1461.0647 
       14 1448.5414 
       15 1750.4082 
       16 1566.8206 
       17 1561.0544 
       18 1611.1508 
       19 1531.6812 
       20 1597.0610 
       21 1505.9908 
       22 1771.6428 
       23 1474.4283 
       24 1309.1860 
       25 1349.2964 
       26 1352.1632 
       27 1398.7465 
       28 1343.4574 
       29 1374.2529 
       30 1352.0706 
       31 1400.3858 
       32 1407.9625 
       33 1405.1485 
       34 1381.5452 
       35 1392.2672 
       36 1438.7206 
       37 1427.1372 
       38 1546.7928 
       39 1521.5117 
       40 1553.7939 
       41 1297.2487 
       42 1399.9473 
       43 1350.2148 
       44 1335.6356 
       45 1358.9077 
       46 1401.8354 
       47 1425.0558 
       48 1423.6854 
       49 1695.1722 
