        0 1552.2105 
        2 1559.7511 
        4 1611.8450 
        6 1673.8717 
        8 1717.0242 
       10 1566.1530 
       12 1763.2963 
       14 1745.6756 
       16 1617.4867 
       18 1621.7100 
       20 1826.8597 
       22 1833.2437 
       24 1820.0104 
       26 1816.1207 
       28 1756.9716 
       30 1746.4177 
       32 1798.8958 
       34 1876.2689 
       36 1807.1904 
       38 1855.0968 
       40 2035.9132 
       42 1796.1010 
       44 1812.4256 
       46 2058.3348 
       48 2047.7587 
       50 1769.6537 
       52 1823.2201 
       54 1851.3906 
       56 1785.0625 
       58 1778.5925 
       60 1856.9940 
       62 2155.3831 
       64 1852.5218 
       66 1554.2947 
       68 1593.1816 
       70 1726.9399 
       72 1700.9485 
       74 1570.2636 
       76 1705.4919 
       78 1578.0641 
       80 1822.1645 
       82 1595.9876 
       84 1623.5357 
       86 1607.8705 
       88 1684.2183 
       90 1973.6392 
       92 1913.4183 
       94 1829.3390 
       96 1931.4813 
       98 1824.8497 
