        0 921.6242 
        2 863.9688 
        4 865.7896 
        6 935.6885 
        8 858.8495 
       10 861.2876 
       12 881.9197 
       14 1018.8421 
       16 1073.7510 
       18 865.2655 
       20 937.5930 
       22 867.2933 
       24 858.2060 
       26 862.5879 
       28 987.6591 
       30 851.5345 
       32 902.5070 
       34 888.0079 
       36 886.8885 
       38 853.1587 
       40 866.7923 
       42 961.0382 
       44 1209.0901 
       46 947.6106 
       48 820.0000 
       50 878.3695 
       52 897.5588 
       54 847.4200 
       56 1024.8198 
       58 1091.9240 
       60 936.4043 
       62 889.3371 
       64 1085.0319 
       66 875.3366 
       68 856.9554 
       70 935.0387 
       72 1018.2348 
       74 879.6597 
       76 850.8507 
       78 873.7319 
       80 1055.1420 
       82 847.9220 
       84 870.0094 
       86 871.0847 
       88 894.5402 
       90 880.8830 
       92 922.9432 
       94 913.9940 
       96 879.3557 
       98 937.4696 
