        0 1084.5996 
        1 1153.4896 
        2 1103.2022 
        3 1285.2341 
        4 1104.7321 
        5 1133.7245 
        6 1122.3198 
        7 1169.9498 
        8 1168.5437 
        9 1223.8406 
       10 1210.8086 
       11 1257.2955 
       12 1123.0186 
       13 1229.8156 
       14 1248.5501 
       15 1146.4902 
       16 1155.9775 
       17 1155.7240 
       18 1243.7223 
       19 1368.4316 
       20 1164.4334 
       21 1251.7854 
       22 1179.6003 
       23 1189.0240 
       24 1183.0012 
       25 1160.7786 
       26 1163.8303 
       27 1374.6933 
       28 1242.6260 
       29 1227.3697 
       30 1312.2563 
       31 1189.7454 
       32 1213.8214 
       33 1178.1736 
       34 1226.9032 
       35 1207.6433 
       36 1220.7909 
       37 1249.1615 
       38 1425.3188 
       39 1331.5747 
       40 1248.5841 
       41 1289.1133 
       42 1185.9660 
       43 1267.1787 
       44 1247.2056 
       45 1330.0177 
       46 1299.5039 
       47 1286.3683 
       48 1237.7954 
       49 1255.2580 
