        0 1292.8449 
        1 1343.1136 
        2 1319.7845 
        3 1598.4608 
        4 1643.4203 
        5 1424.1908 
        6 1375.0926 
        7 1644.1456 
        8 1367.4611 
        9 1433.5990 
       10 1459.0150 
       11 1452.4226 
       12 1458.5271 
       13 1452.2865 
       14 1486.1469 
       15 1762.0287 
       16 1484.3856 
       17 1274.6913 
       18 1198.4060 
       19 1332.3978 
       20 1372.3998 
       21 1361.8310 
       22 1349.6689 
       23 1378.8126 
       24 1371.7049 
       25 1382.2467 
       26 1457.4773 
       27 1757.5288 
       28 1508.1158 
       29 1625.7913 
       30 1376.7716 
       31 1593.9713 
       32 1500.6248 
       33 1369.5899 
       34 1437.6651 
       35 1437.6429 
       36 1588.5703 
       37 1411.2324 
       38 1422.9930 
       39 1392.3801 
       40 1425.9996 
       41 1428.2801 
       42 1463.4767 
       43 1428.1295 
       44 1404.4093 
       45 1397.2285 
       46 1426.7819 
       47 1416.9786 
       48 1407.9847 
       49 1392.5240 
