        0 1243.4883 
        1 1609.3535 
        2 1276.5542 
        3 1256.8563 
        4 1269.4590 
        5 1462.6152 
        6 1320.2655 
        7 1272.2624 
        8 1503.5672 
        9 1282.3229 
       10 1751.9601 
       11 1270.7114 
       12 1222.3154 
       13 1471.8872 
       14 1289.5797 
       15 1594.7829 
       16 1221.1388 
       17 1271.7481 
       18 1298.4248 
       19 1277.2576 
       20 1287.6057 
       21 1236.5705 
       22 1287.1306 
       23 1290.7299 
       24 1666.9691 
       25 1214.4125 
       26 1418.3230 
       27 1292.5830 
       28 1311.8485 
       29 1501.7798 
       30 1292.8386 
       31 1323.2128 
       32 1304.7884 
       33 1332.9621 
       34 1397.1666 
       35 1312.6771 
       36 1293.8757 
       37 1351.2147 
       38 1279.1271 
       39 1297.1381 
       40 1285.5160 
       41 1460.9169 
       42 1317.5614 
       43 1277.8611 
       44 1323.6052 
       45 1304.5441 
       46 1489.2105 
       47 1251.2559 
       48 1349.3555 
       49 1538.2217 
