        0 1216.8872 
        1 1259.4737 
        2 1406.7753 
        3 1245.2719 
        4 1225.5200 
        5 1179.4712 
        6 1225.0112 
        7 1238.2995 
        8 1224.1256 
        9 1533.3898 
       10 1253.0119 
       11 1355.5190 
       12 1379.7558 
       13 1309.7553 
       14 1280.9133 
       15 1342.1462 
       16 1277.7685 
       17 1267.5698 
       18 1279.9540 
       19 1223.4368 
       20 1264.1733 
       21 1294.3977 
       22 1423.5791 
       23 1283.9299 
       24 1329.5892 
       25 1502.0581 
       26 1312.9501 
       27 1225.7930 
       28 1347.0495 
       29 1364.2754 
       30 1304.8523 
       31 1312.2001 
       32 1257.6674 
       33 1315.8223 
       34 1436.3905 
       35 1276.6202 
       36 1260.4737 
       37 1312.0591 
       38 1291.8117 
       39 1287.7328 
       40 1301.1670 
       41 1255.5497 
       42 1279.6657 
       43 1270.8864 
       44 1305.5308 
       45 1262.9613 
       46 1130.6332 
       47 1164.0822 
       48 1150.5477 
       49 1165.1488 
