        0 1307.4460 
        1 1460.8983 
        2 1112.4758 
        3 1461.8080 
        4 1109.7198 
        5 1114.0610 
        6 1121.3656 
        7 1127.6761 
        8 1261.9331 
        9 1099.6281 
       10 1130.1214 
       11 1169.8617 
       12 1189.0541 
       13 1364.1117 
       14 1155.7922 
       15 1235.1290 
       16 1178.2034 
       17 1335.9796 
       18 1160.1057 
       19 1147.4231 
       20 1211.1460 
       21 1167.0853 
       22 1295.0239 
       23 1138.0197 
       24 1278.1659 
       25 1251.0939 
       26 1180.5192 
       27 1176.8092 
       28 1161.8481 
       29 1175.7536 
       30 1210.7061 
       31 1173.2068 
       32 1177.8990 
       33 1343.8360 
       34 1185.2969 
       35 1294.6853 
       36 1182.9734 
       37 1326.0413 
       38 1307.7919 
       39 1172.7534 
       40 1164.2809 
       41 1321.5776 
       42 1287.9081 
       43 1204.0793 
       44 1186.8980 
       45 1184.3073 
       46 1343.4852 
       47 1172.0398 
       48 1204.3752 
       49 1193.2031 
