        0 1260.4694 
        2 1307.5135 
        4 1284.2809 
        6 1333.4337 
        8 1283.9826 
       10 1309.2117 
       12 1349.3795 
       14 1386.8363 
       16 1501.7296 
       18 1525.2617 
       20 1551.0530 
       22 1496.2370 
       24 1414.2896 
       26 1245.9636 
       28 1255.6283 
       30 1216.1931 
       32 1186.8372 
       34 1221.4001 
       36 1293.8645 
       38 1273.2232 
       40 1211.2297 
       42 1387.6232 
       44 1430.1472 
       46 1472.7405 
       48 1467.4156 
       50 1440.2558 
       52 1388.2982 
       54 1282.9225 
       56 1230.5777 
       58 1208.3865 
       60 1214.4376 
       62 1219.1566 
       64 1447.0026 
       66 1321.4339 
       68 1337.0786 
       70 1308.5041 
       72 1620.2007 
       74 1331.1730 
       76 1302.3414 
       78 1420.8879 
       80 1356.8070 
       82 1285.2488 
       84 1402.4805 
       86 1400.2583 
       88 1411.4456 
       90 1395.2112 
       92 1220.3942 
       94 1370.2188 
       96 1211.9466 
       98 1213.9890 
