        0 1035.5490 
        2 1303.7236 
        4 1043.9696 
        6 1053.3653 
        8 984.5480 
       10 1048.1820 
       12 1182.9889 
       14 1037.1853 
       16 1045.1383 
       18 1109.7440 
       20 1228.9363 
       22 1073.1469 
       24 1038.5924 
       26 1044.4255 
       28 1031.1747 
       30 1041.5989 
       32 1073.7238 
       34 1030.1355 
       36 1139.7873 
       38 869.5158 
       40 906.5500 
       42 978.6631 
       44 1255.8325 
       46 1071.8539 
       48 1047.0408 
       50 1116.4083 
       52 1049.5580 
       54 1082.6597 
       56 830.7992 
       58 881.6140 
       60 869.9592 
       62 853.9760 
       64 871.4752 
       66 911.2637 
       68 893.0698 
       70 1250.0640 
       72 1006.6437 
       74 1061.2982 
       76 1258.4840 
       78 1000.2338 
       80 1084.2231 
       82 1063.1206 
       84 1175.1691 
       86 1051.6951 
       88 1059.8269 
       90 1050.0747 
       92 1027.2700 
       94 1029.8280 
       96 1028.8088 
       98 1102.6648 
