        0 1999.5502 
        2 1617.2890 
        4 1861.8423 
        6 1901.6701 
        8 1965.9754 
       10 1891.3958 
       12 2024.4630 
       14 1925.4979 
       16 2070.6626 
       18 1916.7199 
       20 2139.7459 
       22 1858.3249 
       24 1868.0521 
       26 2079.8987 
       28 1769.7408 
       30 1870.7981 
       32 1869.4630 
       34 2050.1879 
       36 1981.1042 
       38 1918.2629 
       40 1595.9176 
       42 1671.9040 
       44 1770.4938 
       46 1984.8005 
       48 1803.5178 
       50 1852.9622 
       52 2027.3240 
       54 1877.4759 
       56 1871.7326 
       58 1883.6228 
       60 2016.5504 
       62 1971.5866 
       64 1926.4261 
       66 1867.6680 
       68 2102.2821 
       70 2154.1456 
       72 1862.7800 
       74 2086.5306 
       76 1884.2085 
       78 1668.0395 
       80 1690.6014 
       82 1765.3369 
       84 2601.1441 
       86 1906.2964 
       88 2025.6816 
       90 2002.4897 
       92 2157.1160 
       94 2170.0642 
       96 2115.2492 
       98 2024.5129 
