        0 1316.7262 
        2 1345.9182 
        4 1350.1151 
        6 1647.3125 
        8 1475.8951 
       10 1599.8779 
       12 1430.7420 
       14 1780.8279 
       16 1452.1161 
       18 1492.3864 
       20 1560.5343 
       22 1507.4868 
       24 1438.9100 
       26 1471.7588 
       28 1473.5982 
       30 1225.5927 
       32 1223.3182 
       34 1322.4577 
       36 1384.1697 
       38 1348.1069 
       40 1666.6322 
       42 1373.8165 
       44 1447.9448 
       46 1476.7318 
       48 1536.0427 
       50 1703.3396 
       52 1574.5034 
       54 1680.6558 
       56 1259.7269 
       58 1438.6636 
       60 1437.8580 
       62 1381.7279 
       64 1410.2882 
       66 1396.1300 
       68 1393.9912 
       70 1379.3797 
       72 1587.4294 
       74 1378.7718 
       76 1430.4244 
       78 1373.9886 
       80 1530.1678 
       82 1414.4702 
       84 1407.6109 
       86 1190.8354 
       88 1201.3468 
       90 1383.7585 
       92 1277.1988 
       94 1268.3881 
       96 1356.2483 
       98 1306.6252 
