        0 923.9789 
        2 1058.2534 
        4 961.3425 
        6 903.9914 
        8 770.7235 
       10 762.6468 
       12 822.0542 
       14 910.2720 
       16 825.4295 
       18 813.6561 
       20 937.0170 
       22 833.4198 
       24 984.0225 
       26 894.3101 
       28 915.8042 
       30 941.4067 
       32 912.5692 
       34 910.8169 
       36 1138.0111 
       38 919.3014 
       40 1003.5013 
       42 948.4757 
       44 975.4974 
       46 769.5373 
       48 826.0525 
       50 803.2981 
       52 851.7225 
       54 878.8549 
       56 840.5505 
       58 884.2711 
       60 935.1360 
       62 911.3305 
       64 900.7014 
       66 860.9026 
       68 851.5232 
       70 858.4939 
       72 942.8172 
       74 860.1517 
       76 823.0657 
       78 845.5132 
       80 911.2730 
       82 854.6056 
       84 847.1761 
       86 855.7658 
       88 835.4342 
       90 817.9828 
       92 845.6025 
       94 853.4413 
       96 909.4218 
       98 1011.7775 
