        0 952.7108 
        1 1019.3949 
        2 975.1293 
        3 1080.0615 
        4 1106.9249 
        5 1007.3317 
        6 1032.4617 
        7 1009.4065 
        8 876.4405 
        9 900.5537 
       10 863.4672 
       11 991.8517 
       12 894.2194 
       13 920.5933 
       14 935.8520 
       15 881.7169 
       16 907.3681 
       17 914.0208 
       18 916.2754 
       19 909.9603 
       20 922.9607 
       21 948.4480 
       22 976.9154 
       23 906.3691 
       24 915.0246 
       25 906.1517 
       26 904.4733 
       27 935.1220 
       28 936.3888 
       29 910.9005 
       30 907.4135 
       31 924.6004 
       32 909.1358 
       33 947.5717 
       34 942.2409 
       35 925.3704 
       36 1034.9017 
       37 919.7892 
       38 953.7501 
       39 1040.2649 
       40 995.6532 
       41 1024.4877 
       42 1017.3061 
       43 998.9514 
       44 1017.4456 
       45 998.9719 
       46 832.2089 
       47 1123.7027 
       48 1176.3890 
       49 998.5238 
