        0 643.2601 
        1 654.0280 
        2 605.9528 
        3 545.6195 
        4 560.9340 
        5 606.5665 
        6 590.0865 
        7 609.5494 
        8 604.3477 
        9 660.2565 
       10 608.3727 
       11 573.2605 
       12 609.5200 
       13 583.2914 
       14 602.2846 
       15 598.2252 
       16 602.9109 
       17 666.1382 
       18 680.2573 
       19 648.9414 
       20 676.0081 
       21 653.3510 
       22 651.7351 
       23 634.5891 
       24 568.2799 
       25 597.4467 
       26 556.3346 
       27 571.9634 
       28 579.9625 
       29 688.4601 
       30 605.5595 
       31 628.6422 
       32 614.5659 
       33 613.4161 
       34 583.4944 
       35 613.3781 
       36 648.1614 
       37 662.3993 
       38 693.9005 
       39 631.9014 
       40 560.8314 
       41 584.2181 
       42 582.8691 
       43 767.9708 
       44 637.7520 
       45 665.3434 
       46 642.2068 
       47 675.5126 
       48 675.9423 
       49 652.3022 
