        0 2005.6752 
        1 1603.6938 
        2 1608.8793 
        3 1592.2669 
        4 1570.0494 
        5 1661.0432 
        6 1627.5198 
        7 1745.6984 
        8 1623.6469 
        9 1744.8419 
       10 1713.4204 
       11 1614.5549 
       12 1620.2446 
       13 1448.7360 
       14 1434.0139 
       15 1434.5857 
       16 1473.8017 
       17 1467.8937 
       18 1485.5585 
       19 1471.5251 
       20 1480.6400 
       21 1521.4778 
       22 1532.1070 
       23 1528.9206 
       24 1661.5671 
       25 1620.3654 
       26 1565.5122 
       27 1610.3063 
       28 1533.4920 
       29 1551.2508 
       30 1755.6952 
       31 1567.0726 
       32 1582.1026 
       33 1730.5283 
       34 1791.2697 
       35 1609.3658 
       36 1667.4416 
       37 1652.7180 
       38 1862.7556 
       39 1646.6201 
       40 1403.0698 
       41 1418.3626 
       42 1523.2642 
       43 1758.8062 
       44 1587.1071 
       45 1519.7189 
       46 1476.7235 
       47 1554.4468 
       48 1511.0820 
       49 1495.4113 
